第一章 初始之事和终结之事,38
	1,38
	2,41
	3,43
	5,45
	6,45
	4,45
	7,46
	8,47
	9,47
	10,48
	13,50
	12,50
	14,53
	15,54
	16,54
	17,56
	19,59
	20,60
	21,61
	22,62
	23,63
	24,64
	26,65
	25,65
	27,67
	28,68
	29,69
	31,70
	32,71
	34,73
第二章 道德的历史感,76
	35,76
	36,78
	37,79
	38,82
	39,83
	40,85
	42,86
	41,86
	43,87
	44,87
	45,88
	46,89
	49,90
	48,90
	47,90
	50,91
	52,93
	51,93
	53,94
	54,94
	55,95
	56,96
	57,97
	58,97
	60,98
	59,98
	61,99
	62,100
	63,100
	64,100
	65,101
	67,101
	66,101
	69,102
	68,102
	70,103
	71,103
	73,104
	72,104
	74,105
	76,105
	75,105
	77,106
	79,106
	78,106
	80,107
	81,107
	82,108
	85,109
	84,109
	87,109
	86,109
	88,110
	89,110
	91,111
	92,111
	90,111
	93,112
	94,113
	95,114
	96,115
	97,116
	98,117
	99,118
	100,119
	101,120
	103,122
	102,122
	104,124
	105,125
	106,126
	107,126
第三章 宗教生活 ,130
	108,130
	109,131
	110,133
	111,135
	112,140
	113,140
	114,141
	116,142
	115,142
	119,143
	117,143
	118,143
	120,144
	122,144
	121,144
	125,145
	123,145
	124,145
	126,146
	128,147
	129,147
	130,147
	127,147
	131,148
	132,149
	133,151
	134,153
	136,154
	135,154
	137,155
	138,156
	139,157
	140,158
	141,158
	142,163
	143,164
	144,165
第四章 出自艺术家和作家的心灵,166
	145,166
	146,167
	147,167
	148,168
	149,168
	151,169
	150,169
	152,170
	153,170
	154,171
	156,172
	155,172
	157,173
	158,174
	159,174
	161,176
	162,177
	163,179
	164,180
	165,182
	166,182
	168,183
	167,183
	170,184
	169,184
	171,185
	172,186
	173,186
	174,187
	175,187
	176,188
	177,189
	178,189
	179,189
	184,190
	181,190
	183,190
	182,190
	186,191
	187,191
	188,191
	189,191
	185,191
	192,192
	193,192
	190,192
	191,192
	195,193
	194,193
	196,194
	197,194
	198,195
	199,195
	200,196
	201,196
	203,197
	206,198
	204,198
	205,198
	208,199
	207,199
	211,200
	209,200
	212,201
	213,202
	214,202
	215,203
	217,205
	219,207
	220,208
	221,209
	222,213
	223,214
	224,216
第五章高级文化和低级文化的征兆,216
	225,218
	227,220
	228,221
	231,222
	230,222
	232,223
	233,223
	234,224
	235,225
	236,226
	237,227
	238,228
	240,229
	239,229
	241,230
	242,230
	243,231
	244,232
	245,233
	246,233
	247,234
	248,234
	250,235
	249,235
	251,237
	252,238
	253,239
	254,239
	255,240
	256,240
	257,241
	258,241
	259,242
	261,244
	263,250
	264,250
	265,251
	267,252
	266,252
	268,253
	270,254
	269,254
	272,255
	271,255
	273,257
	274,257
	275,258
	276,259
	277,259
	278,260
	279,260
	280,261
	281,261
	282,262
	283,263
	285,264
	284,264
	286,265
	288,266
	289,266
	287,266
	291,267
	290,267
	292,268
	293,271
	294,271
	295,271
	293,271
第六章 交往中的人 ,271
	298,272
	299,272
	297,272
	296,272
	302,273
	303,273
	300,273
	301,273
	306,274
	307,274
	304,274
	305,274
	309,275
	310,275
	308,275
	311,275
	315,276
	312,276
	314,276
	313,276
	316,277
	318,277
	319,277
	317,277
	323,278
	324,278
	321,278
	322,278
	327,279
	328,279
	325,279
	326,279
	331,280
	332,280
	333,280
	330,280
	336,281
	337,281
	334,281
	335,281
	339,282
	340,282
	338,282
	341,283
	342,283
	343,283
	345,284
	344,284
	347,285
	349,285
	348,285
	351,286
	350,286
	352,286
	354,287
	353,287
	355,288
	356,288
	357,288
	361,289
	360,289
	359,289
	364,290
	362,290
	363,290
	365,291
	366,291
	368,292
	370,293
	369,293
	371,294
	372,294
	373,295
	374,296
	376,298
第七章 女人与儿童 ,300
	377,300
	378,300
	380,301
	379,301
	382,301
	381,301
	386,302
	383,302
	385,302
	384,302
	388,303
	390,303
	387,303
	389,303
	392,304
	393,304
	394,304
	391,304
	396,305
	395,305
	400,306
	402,306
	399,306
	401,306
	405,307
	404,307
	403,307
	408,308
	406,308
	407,308
	409,309
	410,309
	411,310
	412,310
	414,311
	415,311
	413,311
	416,312
	417,313
	418,313
	421,314
	420,314
	419,314
	422,315
	423,315
	424,316
	425,317
	426,318
	427,318
	428,319
	429,319
	432,320
	430,320
	431,320
	433,321
	434,321
	435,322
	436,322
	437,323
第八章 国家一瞥,324
	438,324
	439,325
	440,326
	441,326
	442,327
	443,327
	445,328
	444,328
	446,328
	447,329
	448,330
	449,330
	450,331
	452,332
	451,332
	453,333
	455,334
	454,334
	456,335
	457,335
	458,336
	459,337
	460,337
	461,338
	462,339
	463,339
	464,340
	465,340
	469,341
	466,341
	467,341
	468,341
	470,342
	472,342
	471,342
	473,347
	474,348
	475,349
	476,351
	477,352
	478,353
	480,354
	479,354
	481,355
	482,356
	483,357
第九章 独处的人,357
	484,357
	487,358
	488,358
	489,358
	486,358
	492,359
	490,359
	491,359
	495,360
	496,360
	497,360
	494,360
	498,360
	502,361
	499,361
	501,361
	500,361
	504,362
	506,362
	503,362
	505,362
	509,363
	510,363
	511,363
	508,363
	512,364
	513,364
	514,364
	516,365
	522,366
	523,366
	521,366
	520,366
	525,367
	527,367
	524,367
	526,367
	530,368
	531,368
	528,368
	529,368
	533,369
	534,369
	535,369
	532,369
	538,370
	539,370
	537,370
	536,370
	543,371
	544,371
	542,371
	541,371
	546,372
	548,372
	545,372
	547,372
	551,373
	552,373
	549,373
	550,373
	554,374
	555,374
	553,374
	556,374
	560,375
	561,375
	557,375
	559,375
	558,375
	563,376
	564,376
	565,376
	562,376
	568,377
	569,377
	566,377
	567,377
	572,378
	573,378
	570,378
	571,378
	576,379
	577,379
	578,379
	575,379
	581,380
	582,380
	580,380
	579,380
	585,381
	584,381
	586,382
	587,382
	589,383
	588,383
	590,383
	591,384
	592,384
	595,385
	593,385
	594,385
	596,386
	597,386
	598,387
	599,387
	600,388
	601,388
	603,389
	602,389
	604,389
	606,390
	605,390
	607,390
	608,391
	611,392
	609,392
	610,392
	612,393
	614,394
	613,394
	616,395
	615,395
	617,396
	618,396
	619,397
	621,397
	620,397
	622,398
	624,398
	623,398
	625,399
	627,400
	626,400
	628,401
	629,402
	630,404
	631,406
	632,406
	633,407
	634,408
	635,409
	636,410
	637,411
	638,412
